image_width: 320
image_height: 240
camera_name: mmal_service_16.1
camera_matrix:
  rows: 3
  cols: 3
  data: [200.0, 0.0, 160.0, 0.0, 200.0, 120.0, 0.0, 0.0, 1.0]
distortion_model: plumb_bob
distortion_coefficients:
  rows: 1
  cols: 5
  data: [0.0, 0.0, 0.0, 0.0, 0.0]
rectification_matrix:
  rows: 3
  cols: 3
  data: [1.0, 0.0, 0.0, 0.0, 1.0, 0.0, 0.0, 0.0, 1.0]
projection_matrix:
  rows: 3
  cols: 4
  data: [200.0, 0.0, 160.0, 0.0, 0.0, 200.0, 120.0, 0.0, 0.0, 0.0, 1.0, 0.0]
